21 23 19 9 7 4 13 5 27 22 3 21 2 7 14 
2 26 11 13 27 13 19 18 2 3 7 17 7 12 4 
12 13 2 17 5 9 13 17 6 5 4 24 12 18 25 
27 4 28 4 5 11 13 13 18 24 3 11 26 12 4 
13 5 26 19 1 4 8 15 14 2 24 5 8 15 8 
25 23 15 2 26 7 18 17 27 16 7 12 3 9 28 
4 12 21 26 16 28 5 9 7 5 18 22 20 4 15 
2 27 0 2 26 6 20 9 24 5 10 7 18 15 20 
14 19 18 26 4 9 2 12 2 22 25 18 10 15 2 
3 20 10 13 4 26 26 1 13 16 0 22 28 23 26 
25 19 19 24 1 28 12 2 27 0 22 8 21 24 21 
14 4 3 15 7 9 24 22 21 17 4 19 12 9 27 
6 22 8 19 19 8 19 22 4 23 16 17 2 26 22 
28 1 5 17 2 24 10 7 2 5 25 13 7 16 17 
27 10 0 6 18 3 11 3 10 21 1 0 3 27 27 
